DIM FT
DERIV DEG
DAMP
PART
 $FLTCON WT=3.3, LOOP=1.0,
 NMACH=1.0, MACH(1)=0.04,
 NALT=1.0, ALT(1)= 100.0,
 NALPHA=20.0,
 ALSCHD(1)= -10.0, -8.0, -6.0, -4.0, -2.0, 0.0, 2.0, 4.0, 8.0, 9.0,
 10.0, 12.0, 14.0, 16.0, 18.0, 19.0, 20.0, 21.0, 22.0, 24.0,
 TR=1.0$
 $OPTINS SREF=3.588, CBARR=0.6109, BLREF=5.91, ROUGFC=0.50E-3$
 $SYNTHS XCG=1.22, ZCG=0.11,
 XW=0.85,  ZW=0.22,  ALIW=0.0,
 XH=3.61,  ZH=0.16,   ALIH=0.0,
 XV=3.23,  ZV=0.16,
 SCALE=1.0, VERTUP=.TRUE.$
 $BODY NX=6.0,
 X(1)=0.0,0.46,1.34,1.84,2.3,3.67,
 R(1)=0.0,0.156,0.156,0.156,0.0,0.0,
 S(1)=0.0,0.11,0.11,0.05,0.0,0.0,
 P(1)=0.0,1.36,1.36,0.16,0.0,0.0,
 ITYPE=1.0, METHOD=1.0$
 $WGPLNF CHRDR=0.6883, CHRDTP=0.4258,
 SSPN=3.00,  SSPNE=2.6575,
 CHRDBP=0.6883, SSPNOP=1.9357,
 SAVSI=0.0, SAVSO=7.67,
 CHSTAT=0.01, TWISTA=0.0,
 DHDADI=0.0,
 TYPE=1.0$
NACA W 4 4412
SAVE
 $SYMFLP FTYPE=1.0, NDELTA=5.0,
 DELTA(1)=0.0,5.0,10.0,15.0,20.0,
 PHETE=0.00169, PHETEP=0.00193,
 CHRDFI=0.289, CHRDFO=0.289,
 SPANFI=0.19, SPANFO=2.0,
 NTYPE=1.0$
CASEID FLAPS: UAV
NEXT CASE
 $ASYFLP STYPE=4.0, NDELTA=9.0,
 DELTAL(1)=-32.0,-20.0,-10.0,-5.0,0.0,5.0,10.0,20.0,32.0,
 DELTAR(1)=32.0,20.0,10.0,5.0,0.0,-5.0,-10.0,-20.0,-32.0,
 SPANFI=2.01, SPANFO=2.95,
 CHRDFI=0.289, CHRDFO=0.289$
CASEID AILERONS: UAV
SAVE
NEXT CASE
NACA H 4 0009
 $HTPLNF CHRDR=0.51, CHRDTP=0.31,
 SSPN=0.66, SSPNE=0.66,
 SAVSI=11.0,
 CHSTAT=0.25, TWISTA=0.0,
 DHDADI=0.0,
 TYPE=1.0$
 $SYMFLP FTYPE=1.0,
 NDELTA=8.0, DELTA(1)=-15.0,-10.0,-5.0,0.0,5.0,10.0,13.0,16.0,
 PHETE=0.0, PHETEP=0.0,
 CHRDFI=0.109, CHRDFO=0.081,
 SPANFI=0.0, SPANFO=0.66,
 CB=0.023, TC=0.0197, NTYPE=1.0$
 $VTPLNF CHRDTP=0.26, SSPNE=0.72,  SSPN=0.72, CHRDR=0.66,
 SAVSI=23.0,  TWISTA=0.0, CHSTAT=0.25, TYPE=1.0$
NACA V 4 0009
CASEID TOTAL: UAV
NEXT CASE